m1=100;
k1=50;
b=50;
m2=95;
k12=9500;