m1=100;
k1=50;
b=50;
m2=50;
k12=25;